6.802145520564687464e-01
4.595380579515546127e-01
3.800919210222940547e-01
3.273139122838380488e-01
2.932920506629046464e-01
2.705638625924456364e-01
2.529473962444896418e-01
2.379210809457552867e-01
2.256743430674800488e-01
2.156250565184027190e-01
2.066801222537092420e-01
1.987362580965062187e-01
1.919379952017394309e-01
1.852039241617729481e-01
1.789902440047680954e-01
1.735836008981199718e-01
1.686749022085327065e-01
1.633886245545095595e-01
1.592284197782821709e-01
1.553211367672018006e-01
1.519580839295227581e-01
1.482559220609638295e-01
1.449774140359186003e-01
1.412554314034251413e-01
1.375050850864116547e-01
1.345298060320927191e-01
1.312933673144896785e-01
1.278216860174975489e-01
1.246925183284908895e-01
1.218667327126281147e-01
1.190307872220893043e-01
1.157178438370549123e-01
1.131275571470049257e-01
1.106839756184897633e-01
1.088536034881830983e-01
1.061460493614517636e-01
1.043312697230221187e-01
1.025370420303306912e-01
1.010378546220127849e-01
9.941738927271216719e-02
9.784874752857587732e-02
9.639594479203376920e-02
9.486252859254931669e-02
9.325786335169579389e-02
9.197434331182152700e-02
9.099499232955890471e-02
8.885799633292097710e-02
8.761174273290077419e-02
8.648345249626447628e-02
8.517305875610016452e-02
8.412710141730705971e-02
8.261807947395630181e-02
8.161995760289714186e-02
8.058829976856103638e-02
7.976602716127088877e-02
7.824207721423710737e-02
7.728491283374466780e-02
7.632198424165716200e-02
7.522808150570349517e-02
7.454854361001984897e-02
7.364182173227508399e-02
7.237443943676603875e-02
7.187278105656964844e-02
7.101566380516476096e-02
7.016103955092092836e-02
6.915584722780067362e-02
6.838634628335918397e-02
6.775593055053824587e-02
6.728380971456927873e-02
6.674032648401564960e-02
6.598822076778107504e-02
6.522594399526025766e-02
6.432454856690364431e-02
6.390891450704477839e-02
6.308025893954552488e-02
6.241081644184964111e-02
6.211848990803914283e-02
6.125776601885349337e-02
6.075499619166616072e-02
6.014384663009387372e-02
5.967463500611867172e-02
5.901126759520582132e-02
5.844484418271293086e-02
5.781117577330926321e-02
5.696662869901346349e-02
5.649478618360274235e-02
5.573324497415465401e-02
5.505253531296503550e-02
5.465090060135188721e-02
5.363995988737339793e-02
nan
nan
nan
nan
nan
nan
nan
nan
nan
nan
nan
nan
nan
nan
nan
nan
nan
nan
nan
nan
nan
nan
nan
nan
nan
nan
nan
nan
nan
nan
nan
nan
nan
nan
nan
nan
nan
nan
nan
nan
nan
nan
nan
nan
nan
nan
nan
nan
nan
nan
nan
nan
nan
nan
nan
nan
nan
nan
nan
nan
