6.831519167615510701e-01
4.678859087618340018e-01
3.880884844646501630e-01
3.374842312729317562e-01
3.013643395646720680e-01
2.751517048645132357e-01
2.549108032367207732e-01
2.385806529088723704e-01
2.244606359071125157e-01
2.121927615630233577e-01
2.007890002346796876e-01
1.911894595806598041e-01
1.833054532254701219e-01
1.762746652189082497e-01
1.703995302034859993e-01
1.651637957687489555e-01
1.606333724140005526e-01
1.560568713609688796e-01
1.526897264571492607e-01
1.489970484817948748e-01
1.455662450616519998e-01
1.419240541971928671e-01
1.391857922841304163e-01
1.360084698341859633e-01
1.335867287926452429e-01
1.311755874248148601e-01
1.282816179992090633e-01
1.258440951530921392e-01
1.232442290736017465e-01
1.211664089402126332e-01
1.189561789047831469e-01
1.166319695136647794e-01
1.142508805634304403e-01
1.121056748584292329e-01
1.106432794044829027e-01
1.082805510839435909e-01
1.063908689506562755e-01
1.047077327727535673e-01
1.026851772546285291e-01
1.013940300655727517e-01
9.905828915227879450e-02
9.770282733841481604e-02
9.540501849300422887e-02
9.419120475782058466e-02
9.256504551756651600e-02
9.120432338011431883e-02
8.949549521576352640e-02
8.777391570785041119e-02
8.678598134948033171e-02
8.540783663104967172e-02
8.405051533169201339e-02
8.276363115251800240e-02
8.144636385595049877e-02
8.052677830446457186e-02
7.921661597186001325e-02
7.819623361811149642e-02
7.738249704735200574e-02
7.606199229939039630e-02
7.513668481230835472e-02
7.408586416280456277e-02
7.361450980501747787e-02
7.235499032049673429e-02
7.126832667998815596e-02
7.059563235059733433e-02
7.027203455164936219e-02
6.874992338706711892e-02
6.824693125578740194e-02
6.705767809321390438e-02
6.640340229008660777e-02
6.591644613905867089e-02
6.514465034751551475e-02
6.432398033652209079e-02
6.369761326428839687e-02
6.324806200349013252e-02
6.233374145310257436e-02
6.181395898595137828e-02
6.162966063733829603e-02
6.061663324199233899e-02
6.011681937081777422e-02
5.962399477363322653e-02
5.888543358997253702e-02
5.853835626315601753e-02
5.844366283421385810e-02
5.744516614353123440e-02
5.687017378114631733e-02
5.618461339644428842e-02
5.594653407545806256e-02
5.565158068075960057e-02
5.474116886591293835e-02
5.428031133913239353e-02
5.373528354676677943e-02
5.308764941556333439e-02
5.278261727517386676e-02
5.224214416690009521e-02
5.200799785340741443e-02
5.132358055536868913e-02
5.088253956114673765e-02
5.043079726504345883e-02
5.003107079797244200e-02
4.950017010640744147e-02
4.905489581034407770e-02
4.874550002654860770e-02
4.815635609249833277e-02
4.805705529386599534e-02
4.737422360846037239e-02
4.683241623590811420e-02
4.663007718103711480e-02
4.618506619744117830e-02
4.583786255053393793e-02
4.531327302145116143e-02
4.472140202497097705e-02
4.418084435836592411e-02
4.436641710322664772e-02
4.396190802716178764e-02
4.326969462635624208e-02
4.303860746913325264e-02
4.223300954247460881e-02
4.216075068900223405e-02
4.216149324766808870e-02
4.178981182002558525e-02
4.112265650490529167e-02
4.090108052901195168e-02
4.037190288132815746e-02
4.005762776328296998e-02
4.010728183711223527e-02
3.942279734621936121e-02
3.871999969905234873e-02
3.856256058809458265e-02
3.814262032882528852e-02
3.741214798846753675e-02
3.732041435586403583e-02
3.748907936870124469e-02
3.637785612958111675e-02
3.605670606371574882e-02
3.591878480742658614e-02
3.553145781675844106e-02
3.530558427044577785e-02
3.535018735350619473e-02
3.464702321485704090e-02
3.479346602677976796e-02
3.394145676798145106e-02
3.421502767349191010e-02
3.342351450625070941e-02
3.331114578642403040e-02
3.287736200941190207e-02
3.209939061956280926e-02
3.223333055464887992e-02
3.158923325889625294e-02
3.172853825346532569e-02
3.104674644209636306e-02
