2.431345583710650793e+00
1.997153800406451074e+00
1.899295701813182635e+00
1.847390155355012942e+00
1.814694132795059200e+00
1.790831181828254515e+00
1.772739627658707517e+00
1.757376224436019152e+00
1.745080023679590919e+00
1.734523314454673226e+00
1.725493537198614202e+00
1.717114534925654024e+00
1.710806165231476106e+00
1.704614654778821015e+00
1.700166131843019457e+00
1.695149077255539538e+00
1.690885349033178109e+00
1.687260964672261387e+00
1.683434675335884201e+00
1.680714999315302105e+00
1.677468640985802839e+00
1.674912449208551868e+00
1.672756037211099223e+00
1.669712613672937884e+00
1.667596844823517444e+00
1.665553910676466520e+00
1.663382860670487018e+00
1.661904610808739413e+00
1.659699233325175216e+00
1.657442055903221911e+00
1.655980634544611974e+00
1.654168260445810557e+00
1.652316238496897238e+00
1.650908859297939735e+00
1.649181975369713449e+00
1.648104066458135897e+00
1.646364797439594740e+00
1.644351044835622444e+00
1.642973458446224999e+00
1.642305064340555232e+00
1.640433423622768006e+00
1.639210788048957035e+00
1.638009196513719568e+00
1.636929143110420481e+00
1.635450808695007696e+00
1.634543120509680314e+00
1.633660966837970241e+00
1.632318969699764866e+00
1.630495942272399246e+00
1.630114990389396112e+00
1.629110872055645309e+00
1.627981119292631007e+00
1.627419191620967931e+00
1.626075463255430398e+00
1.625039566009010228e+00
1.624027126891377515e+00
1.622832645618743852e+00
1.622093899916290161e+00
1.620704099060086056e+00
1.619900243824401453e+00
1.619418008649729401e+00
1.618522649174977790e+00
1.617485083813162028e+00
1.616720011313388383e+00
1.615812659689183084e+00
1.615079180733166586e+00
1.614770395709776540e+00
1.614415386335717351e+00
1.613379051637809036e+00
1.612649840920427735e+00
1.612323217320834612e+00
1.611900944336942088e+00
1.611156532402023833e+00
1.610493031136783548e+00
1.609804942812693929e+00
1.609149394657140908e+00
1.607991615559583920e+00
1.607355944265921988e+00
1.607175868869809010e+00
1.606416674896216090e+00
1.605980544880093897e+00
1.604951585053539187e+00
1.604866207092693786e+00
1.603468338518782899e+00
1.603350505945981830e+00
1.602302922592670820e+00
1.601421530911154800e+00
1.600718431175061740e+00
1.600030293133523740e+00
1.599593384450477718e+00
1.598649517647891427e+00
1.597779176375318855e+00
1.596802569413442674e+00
1.595906709815249069e+00
1.595545876824868037e+00
1.595328167708199629e+00
1.594228666744237133e+00
1.593690529393928967e+00
1.593202938198000851e+00
1.592414571926794808e+00
1.591785941236794288e+00
1.591259103101283490e+00
1.590416791935455265e+00
1.590096655708772122e+00
1.589417870274664413e+00
1.588587301799053941e+00
1.588141256670770440e+00
1.587714949408737697e+00
1.587239644614512057e+00
1.586505562629964672e+00
1.586076228975513924e+00
1.585989160735788550e+00
1.585112621081157469e+00
1.585050747690745387e+00
1.584520851125319707e+00
1.583613073424179341e+00
1.584051143982650789e+00
1.582694545837402877e+00
1.582185232907901584e+00
1.582416434884684531e+00
1.581275490522997762e+00
1.580948395575454191e+00
1.580953855830946164e+00
1.580543672686496315e+00
1.580139912062711760e+00
1.579879531689877270e+00
1.578712828312943017e+00
1.578516556997112685e+00
1.578672894564430385e+00
1.578253141005098170e+00
1.577946604047231194e+00
1.576736068259541490e+00
1.576739510384238763e+00
1.576601880154737234e+00
1.575899616057980790e+00
1.575371480904550259e+00
1.575281303628911278e+00
1.574921712286371678e+00
1.574319701187404608e+00
1.573722207066085677e+00
1.573820318073156921e+00
1.572833649184662175e+00
1.572827709555135289e+00
1.573348880549701123e+00
1.572249631164557071e+00
1.571985715623071211e+00
1.571683190129850693e+00
1.571422153585609660e+00
1.570944460561430001e+00
1.570384090741782090e+00
1.570684753750515972e+00
1.570485196609065381e+00
1.570127514621909803e+00
1.569733894328766866e+00
1.569271948183637688e+00
1.569115569132222943e+00
1.569216194667627295e+00
1.568104601473903958e+00
1.568547447673332540e+00
1.567423753028911904e+00
1.567673303460694667e+00
1.567196526299288184e+00
1.567298096573831012e+00
1.566740315298668751e+00
1.566496695251253790e+00
1.566245689304399891e+00
1.565787714049526658e+00
1.565601854978029728e+00
1.564957196256260730e+00
1.564605029801772851e+00
1.564436190159293805e+00
1.564594825207267226e+00
1.564249433262480560e+00
1.564280324097216957e+00
1.563559588951215718e+00
1.563524049702617935e+00
1.562606943673741755e+00
1.562798177600520200e+00
1.561829126771585363e+00
1.561589599338823797e+00
1.561390375995954871e+00
1.560996453344760670e+00
1.560564330071210870e+00
1.560776482579823377e+00
1.560353495317660766e+00
1.560103300415562000e+00
1.559120826934897286e+00
1.558978056705598858e+00
1.558850112293421519e+00
1.558543358373421173e+00
1.558558499958718757e+00
1.557757087823907982e+00
1.557765187702674359e+00
1.557569785024587539e+00
1.557119106585658219e+00
1.557197300203972290e+00
1.556711313662889618e+00
1.556766729634178503e+00
1.556500182556517231e+00
1.555577558803644234e+00
1.555274021476813706e+00
1.555190651326635809e+00
1.554970370180322359e+00
1.554980308105364362e+00
1.554900662911281595e+00
1.554609962509554189e+00
1.554014004928216952e+00
1.554488518400876540e+00
1.553653583906498881e+00
1.553685728992209025e+00
1.553338237261943755e+00
1.553399885762866139e+00
1.552986322520875540e+00
1.552693585996887782e+00
1.552297603826463979e+00
1.552682573834871071e+00
1.552140363923622646e+00
1.551798947529537731e+00
1.551746876185506885e+00
1.551675818392646677e+00
1.551127600679979013e+00
1.550803984732600949e+00
1.550364514439378283e+00
1.550278068541437904e+00
1.550031876186284574e+00
1.550251908764672448e+00
1.550299011362187729e+00
1.549548567758543438e+00
1.549464458358692509e+00
1.549455394722797363e+00
1.548725380556880138e+00
1.548915715819155769e+00
1.548984303461855339e+00
1.548597077975670588e+00
1.548502014232147950e+00
1.548151589467385625e+00
1.548242331654323900e+00
1.547954807919239339e+00
1.547403267315385689e+00
1.547954558798192437e+00
1.547761820031966273e+00
1.547429423190867848e+00
1.546764790361800701e+00
1.546942755605703601e+00
1.546615656150711837e+00
1.547434674324199566e+00
1.546698096432864933e+00
1.547029335492370983e+00
1.547086208607740820e+00
1.547008354498587090e+00
